start=240.573907
volume-restore-data=pulse:79.000000:79.000000:0:200.000000
aid=2
