start=18.852197
volume-restore-data=pulse:64.000000:64.000000:0:200.000000
aid=2
