start=6166.118000
volume-restore-data=pulse:79.000000:79.000000:0:200.000000
aid=2
sid=3
