start=6500.494000
volume-restore-data=pulse:46.000000:46.000000:0:200.000000
fullscreen=no
aid=4
sid=2
