start=751.667577
volume-restore-data=pulse:39.000000:45.000000:0:200.000000
aid=2
