start=43.918840
volume-restore-data=pulse:45.000000:45.000000:0:200.000000
aid=1
