start=2130.867000
volume-restore-data=pulse:37.000000:37.000000:0:200.000000
aid=1
