start=105.396955
volume-restore-data=pulse:61.000000:61.000000:0:200.000000
aid=3
