start=2817.818000
volume-restore-data=pulse:89.000000:89.000000:0:200.000000
aid=2
