start=5853.139000
volume-restore-data=pulse:60.000000:60.000000:0:200.000000
aid=4
