start=7070.474263
volume-restore-data=pulse:100.000000:100.000000:0:200.000000
aid=4
