start=71.196239
volume-restore-data=pulse:44.000000:44.000000:0:200.000000
aid=1
