start=6.172843
volume-restore-data=pulse:57.000000:66.000000:0:200.000000
aid=2
