start=6487.267274
volume-restore-data=pulse:63.000000:63.000000:0:200.000000
aid=2
