start=495.560000
volume-restore-data=pulse:38.000000:38.000000:0:200.000000
aid=1
