start=144.936456
volume-restore-data=pulse:16.000000:16.000000:0:200.000000
aid=1
