start=6536.208000
volume-restore-data=pulse:31.000000:31.000000:0:200.000000
fullscreen=no
aid=4
sid=4
