start=6067.004128
volume-restore-data=pulse:39.000000:39.000000:0:200.000000
aid=2
