start=5849.677120
volume-restore-data=pulse:42.000000:42.000000:0:200.000000
aid=11
