start=773.405967
volume-restore-data=pulse:42.000000:42.000000:0:200.000000
aid=1
