start=2624.747104
volume-restore-data=pulse:28.000000:28.000000:0:200.000000
aid=2
