start=105.021580
volume-restore-data=pulse:46.000000:46.000000:0:200.000000
aid=2
